1000
37123
35921
29334
9675
47039
41511
34338
11584
36645
44603
37772
30948
14969
48834
15265
21378
44861
43172
18773
37533
43362
46791
29842
23872
15550
11543
43186
43341
41526
37736
46094
40289
41958
27096
11059
23245
682
5759
47755
25698
48673
20212
47380
32289
29514
33754
10448
37153
23925
35634
16004
41205
10130
41189
49095
25270
29549
24178
33479
5977
5290
41921
3455
14001
42977
47564
36580
49460
33644
20988
21354
10042
27536
16938
46096
4725
29789
36948
2412
48883
8465
28704
16955
29924
3414
2290
17259
21954
146
17292
34437
44620
45965
44399
26495
41201
33619
30407
34244
43804
25334
25710
26428
35961
22495
8660
4679
19550
35401
18417
33914
39080
33744
17
2032
29840
20443
21922
24569
43505
39846
48394
11340
2654
30181
22604
32327
21693
32512
19481
25889
36801
43641
24301
39604
40493
6375
8561
28439
13957
27042
31518
2885
41745
25208
27191
33098
35468
21179
35247
1060
34014
43976
20761
32332
906
43240
6644
43600
19053
39534
2014
13167
547
21906
45172
49
28799
14659
10023
46001
29665
37554
21216
3233
48197
4705
4578
43515
16084
42967
11341
8938
31617
3071
4475
21688
47679
47465
5036
15646
49259
1796
35289
13526
8177
25452
3783
24523
12234
16049
4277
18998
26884
16598
19176
39792
22768
9999
44964
19998
23732
45917
1537
33388
40578
6002
9710
46308
6470
49169
2784
49342
32848
14278
23515
28095
23589
3441
11210
49021
2474
24606
34800
47680
43509
11171
1148
31171
15508
15588
43255
31066
21624
10654
39655
15168
2205
49140
81
2480
46698
44102
4811
26523
9584
3241
16411
49831
33751
34918
37449
17568
48762
40830
13541
47420
27214
5346
30013
25034
21124
16421
32950
36866
12196
9810
1269
36220
26167
1157
45320
11453
35252
25589
38535
13544
13322
39536
16683
38293
41979
20039
38618
7454
2639
16629
35961
20498
23215
12853
31787
34864
25110
36251
638
4973
35446
6107
417
17342
9950
44960
16853
45258
28443
23222
23111
28166
49622
17687
38245
5090
35595
26842
41065
15636
2977
31030
24078
43672
3530
19694
565
44647
24623
46798
28117
19283
33926
23977
18591
47038
31820
29209
13167
21397
28631
31606
46941
39269
28399
25799
39541
33303
2746
6818
34887
24908
6780
20727
17199
27152
47383
4700
11335
45659
22086
14599
16
45867
34142
26807
48367
21062
37618
27159
7105
29842
30701
48540
44068
47637
44139
21706
24495
11378
26235
3349
48523
17155
37177
363
7804
2621
23713
28402
37369
11006
15905
13712
14489
8360
42058
19747
33157
22822
5028
43755
2299
7800
26271
49830
23554
17458
10715
23585
18086
16456
4077
18194
44922
46746
34077
11492
25606
33804
35751
33384
29230
5116
37682
17357
41740
31819
33301
30652
8838
9440
10171
35836
12181
1207
40756
19279
30972
38974
21908
48696
8274
7492
49034
3199
19783
49487
38359
12925
35532
38216
2093
28761
25614
1573
13962
37429
46999
34937
3893
18054
452
17488
21563
32034
21737
33855
9237
28383
14804
44373
45586
46480
25411
18340
3281
2010
40571
7194
44757
5704
5604
25280
30378
2294
37029
43697
272
17150
45608
48282
34727
9471
20784
16907
30856
35370
24791
25680
2173
3692
28514
15697
42989
26870
40930
19493
36380
13908
46069
23887
45904
46559
7414
23660
10125
22096
30336
37514
10572
11682
14943
1705
31514
49154
44140
5144
49340
27860
39670
18831
35132
44805
23887
43141
46406
24969
41307
1750
26662
22297
8461
44529
28591
7997
12151
26082
34188
46293
22659
36060
32269
33481
29695
13886
13736
4699
6381
19197
21344
29380
37606
4970
6934
8886
33352
21290
11401
17287
40857
33742
40609
30499
48211
1863
9393
40525
39024
5344
25606
1757
39328
11492
34344
21953
35642
48532
36639
9001
45502
36974
39445
8386
36073
9432
34176
45090
1541
9486
48205
30534
20453
44732
16002
19965
16641
48247
25482
21435
1003
24667
22240
27358
5875
18796
7899
11148
42521
34106
24587
17866
16108
19097
43156
23634
41457
4127
34176
34534
39478
14705
28737
9302
34249
43695
8743
4977
42513
8226
43594
33768
36345
12779
31705
10194
38379
6018
41788
4971
48400
44670
26030
698
22062
28728
4957
31964
1875
42022
6830
40890
38834
8166
14431
14468
10111
7784
39815
35631
7176
2809
13083
22339
5727
7096
42108
6892
30684
22663
38099
46325
25960
31615
27730
33385
5708
16002
12063
48036
42971
7934
34473
38524
26590
36219
20432
46720
49766
46959
8571
20549
4155
17233
49937
30446
15325
17529
38625
37475
23348
41761
6958
26880
26737
42207
44828
40749
26999
46274
9731
20294
48987
1455
15589
10795
33213
35213
11419
26031
15859
30300
25006
9580
19223
3606
27799
27360
23711
40387
45642
33
32559
38127
36479
31274
42226
49765
13493
38197
9684
9974
7846
18000
45789
22260
27368
46955
9230
33376
861
7293
38699
14809
31520
6782
19497
19811
13881
47128
2412
17827
3470
48543
273
3240
30896
49682
13382
36331
44944
36499
16535
23012
42733
46855
28030
30925
40315
22599
5941
18820
14643
49264
45458
36794
12025
4693
6491
11240
46271
1272
16053
28064
7359
16191
7069
24154
13406
47816
24787
41526
10426
45890
2915
142
911
7150
2622
3505
16344
2814
30077
39260
29810
3469
45632
47188
4382
9755
44626
40532
44469
9427
31701
25206
48275
1138
41349
14827
37144
4129
27892
37544
2399
15722
49490
46206
15298
43618
33895
761
23121
7364
14064
37355
33187
5317
5657
13215
37237
27088
230
37862
44307
42684
32099
25722
19467
5934
16534
13556
37443
1598
17516
44079
24644
35704
28354
24288
48789
27557
15223
5275
33212
34078
17296
46226
27683
46808
49312
14877
30365
11965
25488
9834
36651
41033
731
9981
45633
16674
49758
34493
5275
18588
43400
40800
10798
23438
2486
22314
19847
41830
11105
31346
1709
20803
20510
42846
38072
47686
38369
24916
25766
7103
11863
26814
28684
26799
29123
32265
39575
25227
25398
5658
20916
20892
14428
12083
20254
16107
35844
15738
47231
29908
16896
25110
1680
21542
19884
45151
24731
9389
13234
49337
26669
4023
15741
4785
43621
45126
5876
25810
12251
49130
42556
46705
46075
37920
1748
21935
25723
35206
37836
41345
13941
27385
34037
34587
37595
41980
41690
46030
12405
12209
22822
36625
5428
13098
40138
14362
10327